[array([ 0.051267 , -0.092742 , -0.21371  , -0.375    , -0.51325  ,
       -0.52477  , -0.39804  , -0.30588  ,  0.016705 ,  0.13191  ,
        0.38537  ,  0.52938  ,  0.63882  ,  0.73675  ,  0.54666  ,
        0.322    ,  0.16647  , -0.046659 , -0.17339  , -0.47869  ,
       -0.60541  , -0.62846  , -0.59389  , -0.42108  , -0.11578  ,
        0.20104  ,  0.46601  ,  0.67339  , -0.13882  , -0.29435  ,
       -0.26555  , -0.16187  , -0.17339  , -0.28283  , -0.36348  ,
       -0.30012  , -0.23675  , -0.06394  ,  0.062788 ,  0.22984  ,
        0.2932   ,  0.48329  ,  0.64459  ,  0.46025  ,  0.6273   ,
        0.57546  ,  0.72523  ,  0.22408  ,  0.44297  ,  0.322    ,
        0.13767  , -0.0063364, -0.092742 , -0.20795  , -0.20795  ,
       -0.43836  , -0.21947  , -0.13882  ,  0.18376  ,  0.22408  ,
        0.29896  ,  0.50634  ,  0.61578  ,  0.60426  ,  0.76555  ,
        0.92684  ,  0.82316  ,  0.96141  ,  0.93836  ,  0.86348  ,
        0.89804  ,  0.85196  ,  0.82892  ,  0.79435  ,  0.59274  ,
        0.51786  ,  0.46601  ,  0.35081  ,  0.28744  ,  0.085829 ,
        0.14919  , -0.13306  , -0.40956  , -0.39228  , -0.74366  ,
       -0.69758  , -0.75518  , -0.69758  , -0.4038   , -0.38076  ,
       -0.50749  , -0.54781  ,  0.10311  ,  0.057028 , -0.10426  ,
       -0.081221 ,  0.28744  ,  0.39689  ,  0.63882  ,  0.82316  ,
        0.67339  ,  1.0709   , -0.046659 , -0.23675  , -0.15035  ,
       -0.49021  , -0.46717  , -0.28859  , -0.61118  , -0.66302  ,
       -0.59965  , -0.72638  , -0.83007  , -0.72062  , -0.59389  ,
       -0.48445  , -0.0063364,  0.63265  ]), array([ 0.69956 ,  0.68494 ,  0.69225 ,  0.50219 ,  0.46564 ,  0.2098  ,
        0.034357, -0.19225 , -0.40424 , -0.51389 , -0.56506 , -0.5212  ,
       -0.24342 , -0.18494 ,  0.48757 ,  0.5826  ,  0.53874 ,  0.81652 ,
        0.69956 ,  0.63377 ,  0.59722 ,  0.33406 ,  0.005117, -0.27266 ,
       -0.39693 , -0.60161 , -0.53582 , -0.53582 ,  0.54605 ,  0.77997 ,
        0.96272 ,  0.8019  ,  0.64839 ,  0.47295 ,  0.31213 ,  0.027047,
       -0.21418 , -0.18494 , -0.16301 , -0.41155 , -0.2288  , -0.18494 ,
       -0.14108 ,  0.012427,  0.15863 ,  0.26827 ,  0.44371 ,  0.52412 ,
        0.67032 ,  0.69225 ,  0.57529 ,  0.39985 ,  0.55336 ,  0.35599 ,
        0.17325 ,  0.21711 , -0.016813, -0.27266 ,  0.93348 ,  0.77997 ,
        0.61915 ,  0.75804 ,  0.7288  ,  0.59722 ,  0.50219 ,  0.3633  ,
        0.27558 ,  0.085526,  0.012427, -0.082602, -0.20687 , -0.36769 ,
       -0.5212  , -0.55775 , -0.7405  , -0.5943  , -0.41886 , -0.57968 ,
       -0.76974 , -0.75512 , -0.57968 , -0.4481  , -0.41155 , -0.25804 ,
       -0.25804 ,  0.041667,  0.2902  ,  0.68494 ,  0.70687 ,  0.91886 ,
        0.90424 ,  0.70687 ,  0.77997 ,  0.91886 ,  0.99196 ,  1.1089  ,
        1.087   ,  0.82383 ,  0.88962 ,  0.66301 ,  0.64108 ,  0.10015 ,
       -0.57968 , -0.63816 , -0.36769 , -0.3019  , -0.13377 , -0.060673,
       -0.067982, -0.21418 , -0.41886 , -0.082602,  0.31213 ,  0.53874 ,
        0.49488 ,  0.99927 ,  0.99927 , -0.030612]), array([1., 1., 1., 1., 1., 1., 1., 1., 1., 1., 1., 1., 1., 1., 1., 1., 1.,
       1., 1., 1., 1., 1., 1., 1., 1., 1., 1., 1., 1., 1., 1., 1., 1., 1.,
       1., 1., 1., 1., 1., 1., 1., 1., 1., 1., 1., 1., 1., 1., 1., 1., 1.,
       1., 1., 1., 1., 1., 1., 1., 1., 1., 1., 1., 1., 1., 1., 1., 1., 1.,
       1., 1., 1., 1., 1., 1., 1., 1., 1., 1., 1., 1., 1., 1., 1., 1., 1.,
       1., 1., 1., 1., 1., 1., 1., 1., 1., 1., 1., 1., 1., 1., 1., 1., 1.,
       1., 1., 1., 1., 1., 1., 1., 1., 1., 1., 1., 1., 1., 1., 1., 1.]), array([ 0.69956 ,  0.68494 ,  0.69225 ,  0.50219 ,  0.46564 ,  0.2098  ,
        0.034357, -0.19225 , -0.40424 , -0.51389 , -0.56506 , -0.5212  ,
       -0.24342 , -0.18494 ,  0.48757 ,  0.5826  ,  0.53874 ,  0.81652 ,
        0.69956 ,  0.63377 ,  0.59722 ,  0.33406 ,  0.005117, -0.27266 ,
       -0.39693 , -0.60161 , -0.53582 , -0.53582 ,  0.54605 ,  0.77997 ,
        0.96272 ,  0.8019  ,  0.64839 ,  0.47295 ,  0.31213 ,  0.027047,
       -0.21418 , -0.18494 , -0.16301 , -0.41155 , -0.2288  , -0.18494 ,
       -0.14108 ,  0.012427,  0.15863 ,  0.26827 ,  0.44371 ,  0.52412 ,
        0.67032 ,  0.69225 ,  0.57529 ,  0.39985 ,  0.55336 ,  0.35599 ,
        0.17325 ,  0.21711 , -0.016813, -0.27266 ,  0.93348 ,  0.77997 ,
        0.61915 ,  0.75804 ,  0.7288  ,  0.59722 ,  0.50219 ,  0.3633  ,
        0.27558 ,  0.085526,  0.012427, -0.082602, -0.20687 , -0.36769 ,
       -0.5212  , -0.55775 , -0.7405  , -0.5943  , -0.41886 , -0.57968 ,
       -0.76974 , -0.75512 , -0.57968 , -0.4481  , -0.41155 , -0.25804 ,
       -0.25804 ,  0.041667,  0.2902  ,  0.68494 ,  0.70687 ,  0.91886 ,
        0.90424 ,  0.70687 ,  0.77997 ,  0.91886 ,  0.99196 ,  1.1089  ,
        1.087   ,  0.82383 ,  0.88962 ,  0.66301 ,  0.64108 ,  0.10015 ,
       -0.57968 , -0.63816 , -0.36769 , -0.3019  , -0.13377 , -0.060673,
       -0.067982, -0.21418 , -0.41886 , -0.082602,  0.31213 ,  0.53874 ,
        0.49488 ,  0.99927 ,  0.99927 , -0.030612]), array([4.89384194e-01, 4.69142804e-01, 4.79210063e-01, 2.52194796e-01,
       2.16820610e-01, 4.40160400e-02, 1.18040345e-03, 3.69600625e-02,
       1.63409978e-01, 2.64082932e-01, 3.19292804e-01, 2.71649440e-01,
       5.92532964e-02, 3.42028036e-02, 2.37724505e-01, 3.39422760e-01,
       2.90240788e-01, 6.66704910e-01, 4.89384194e-01, 4.01664413e-01,
       3.56671728e-01, 1.11596084e-01, 2.61836890e-05, 7.43434756e-02,
       1.57553425e-01, 3.61934592e-01, 2.87103072e-01, 2.87103072e-01,
       2.98170603e-01, 6.08353201e-01, 9.26829798e-01, 6.43043610e-01,
       4.20409592e-01, 2.23681702e-01, 9.74251369e-02, 7.31540209e-04,
       4.58730724e-02, 3.42028036e-02, 2.65722601e-02, 1.69373403e-01,
       5.23494400e-02, 3.42028036e-02, 1.99035664e-02, 1.54430329e-04,
       2.51634769e-02, 7.19687929e-02, 1.96878564e-01, 2.74701774e-01,
       4.49328902e-01, 4.79210063e-01, 3.30958584e-01, 1.59880022e-01,
       3.06207290e-01, 1.26728880e-01, 3.00155625e-02, 4.71367521e-02,
       2.82676969e-04, 7.43434756e-02, 8.71384910e-01, 6.08353201e-01,
       3.83346722e-01, 5.74624642e-01, 5.31149440e-01, 3.56671728e-01,
       2.52194796e-01, 1.31986890e-01, 7.59443364e-02, 7.31469668e-03,
       1.54430329e-04, 6.82309040e-03, 4.27951969e-02, 1.35195936e-01,
       2.71649440e-01, 3.11085062e-01, 5.48340250e-01, 3.53192490e-01,
       1.75443700e-01, 3.36028902e-01, 5.92499668e-01, 5.70206214e-01,
       3.36028902e-01, 2.00793610e-01, 1.69373403e-01, 6.65846416e-02,
       6.65846416e-02, 1.73613889e-03, 8.42160400e-02, 4.69142804e-01,
       4.99665197e-01, 8.44303700e-01, 8.17649978e-01, 4.99665197e-01,
       6.08353201e-01, 8.44303700e-01, 9.83984642e-01, 1.22965921e+00,
       1.18156900e+00, 6.78695869e-01, 7.91423744e-01, 4.39582260e-01,
       4.10983566e-01, 1.00300225e-02, 3.36028902e-01, 4.07248186e-01,
       1.35195936e-01, 9.11436100e-02, 1.78944129e-02, 3.68121293e-03,
       4.62155232e-03, 4.58730724e-02, 1.75443700e-01, 6.82309040e-03,
       9.74251369e-02, 2.90240788e-01, 2.44906214e-01, 9.98540533e-01,
       9.98540533e-01, 9.37094544e-04]), array([ 3.42353606e-01,  3.21334672e-01,  3.31733166e-01,  1.26649705e-01,
        1.00960349e-01,  9.23456519e-03,  4.05551213e-05, -7.10557202e-03,
       -6.60568493e-02, -1.35709578e-01, -1.80419592e-01, -1.41583688e-01,
       -1.44234374e-02, -6.32546650e-03,  1.15907337e-01,  1.97747700e-01,
        1.56364322e-01,  5.44377893e-01,  3.42353606e-01,  2.54562855e-01,
        2.13011490e-01,  3.72797877e-02,  1.33981937e-07, -2.02704921e-02,
       -6.25376809e-02, -2.17743470e-01, -1.53835568e-01, -1.53835568e-01,
        1.62816057e-01,  4.74497246e-01,  8.92277584e-01,  5.15656671e-01,
        2.72589375e-01,  1.05790261e-01,  3.04093080e-02,  1.97859680e-05,
       -9.82509465e-03, -6.32546650e-03, -4.33154412e-03, -6.97056238e-02,
       -1.19775519e-02, -6.32546650e-03, -2.80799515e-03,  1.91910570e-06,
        3.99168234e-03,  1.93070681e-02,  8.73569877e-02,  1.43976694e-01,
        3.01194150e-01,  3.31733166e-01,  1.90397164e-01,  6.39280270e-02,
        1.69442866e-01,  4.51142140e-02,  5.20019620e-03,  1.02338602e-02,
       -4.75264788e-06, -2.02704921e-02,  8.13420386e-01,  4.74497246e-01,
        2.37349123e-01,  4.35588463e-01,  3.87101712e-01,  2.13011490e-01,
        1.26649705e-01,  4.79508371e-02,  2.09287402e-02,  6.25596748e-04,
        1.91910570e-06, -5.63600914e-04, -8.85304238e-03, -4.97101937e-02,
       -1.41583688e-01, -1.73507694e-01, -4.06045955e-01, -2.09902297e-01,
       -7.34863480e-02, -1.94789234e-01, -4.56070694e-01, -4.30574117e-01,
       -1.94789234e-01, -8.99756166e-02, -6.97056238e-02, -1.71815009e-02,
       -1.71815009e-02,  7.23396991e-05,  2.44394948e-02,  3.21334672e-01,
        3.53198338e-01,  7.75796897e-01,  7.39351816e-01,  3.53198338e-01,
        4.74497246e-01,  7.75796897e-01,  9.76073405e-01,  1.36356910e+00,
        1.28436550e+00,  5.59130018e-01,  7.04066391e-01,  2.91447434e-01,
        2.63473345e-01,  1.00450675e-03, -1.94789234e-01, -2.59889502e-01,
       -4.97101937e-02, -2.75162559e-02, -2.39373561e-03, -2.23350232e-04,
       -3.14182370e-04, -9.82509465e-03, -7.34863480e-02, -5.63600914e-04,
        3.04093080e-02,  1.56364322e-01,  1.21199187e-01,  9.97811598e-01,
        9.97811598e-01, -2.86863382e-05]), array([2.39496889e-01, 2.20094970e-01, 2.29642284e-01, 6.36022152e-02,
       4.70111767e-02, 1.93741178e-03, 1.39335230e-06, 1.36604622e-03,
       2.67028208e-02, 6.97397950e-02, 1.01947894e-01, 7.37934183e-02,
       3.51095313e-03, 1.16983177e-03, 5.65129402e-02, 1.15207810e-01,
       8.42397148e-02, 4.44495438e-01, 2.39496889e-01, 1.61334301e-01,
       1.27214722e-01, 1.24536859e-02, 6.85585570e-10, 5.52695236e-03,
       2.48230817e-02, 1.30996649e-01, 8.24281742e-02, 8.24281742e-02,
       8.89057082e-02, 3.70093617e-01, 8.59013475e-01, 4.13505084e-01,
       1.76744225e-01, 5.00335040e-02, 9.49165730e-03, 5.35151077e-07,
       2.10433877e-03, 1.16983177e-03, 7.06085007e-04, 2.86873495e-02,
       2.74046387e-03, 1.16983177e-03, 3.96151955e-04, 2.38487265e-08,
       6.33200570e-04, 5.17950715e-03, 3.87611690e-02, 7.54610649e-02,
       2.01896463e-01, 2.29642284e-01, 1.09533584e-01, 2.55616216e-02,
       9.37629042e-02, 1.60602091e-02, 9.00933992e-04, 2.22187340e-03,
       7.99062688e-08, 5.52695236e-03, 7.59311662e-01, 3.70093617e-01,
       1.46954710e-01, 3.30193479e-01, 2.82119728e-01, 1.27214722e-01,
       6.36022152e-02, 1.74205391e-02, 5.76754223e-03, 5.35047875e-05,
       2.38487265e-08, 4.65545627e-05, 1.83142888e-03, 1.82779411e-02,
       7.37934183e-02, 9.67739161e-02, 3.00677030e-01, 1.24744935e-01,
       3.07804917e-02, 1.12915423e-01, 3.51055856e-01, 3.25135127e-01,
       1.12915423e-01, 4.03180738e-02, 2.86873495e-02, 4.43351450e-03,
       4.43351450e-03, 3.01417824e-06, 7.09234139e-03, 2.20094970e-01,
       2.49665309e-01, 7.12848737e-01, 6.68551486e-01, 2.49665309e-01,
       3.70093617e-01, 7.12848737e-01, 9.68225775e-01, 1.51206177e+00,
       1.39610530e+00, 4.60628082e-01, 6.26351543e-01, 1.93232563e-01,
       1.68907492e-01, 1.00601351e-04, 1.12915423e-01, 1.65851085e-01,
       1.82779411e-02, 8.30715764e-03, 3.20210013e-04, 1.35513286e-05,
       2.13587459e-05, 2.10433877e-03, 3.07804917e-02, 4.65545627e-05,
       9.49165730e-03, 8.42397148e-02, 5.99790539e-02, 9.97083196e-01,
       9.97083196e-01, 8.78146184e-07]), array([ 1.67542444e-01,  1.50751849e-01,  1.58969871e-01,  3.19403964e-02,
        2.18902843e-02,  4.06468991e-04,  4.78714051e-08, -2.62622386e-04,
       -1.07943483e-02, -3.58385833e-02, -5.76066772e-02, -3.84611296e-02,
       -8.54636212e-04, -2.16348688e-04,  2.75540143e-02,  6.71200701e-02,
        4.53833039e-02,  3.62939415e-01,  1.67542444e-01,  1.02248840e-01,
        7.59751762e-02,  4.16027830e-03,  3.50814136e-12, -1.50697883e-03,
       -9.85302582e-03, -7.88088940e-02, -4.41666643e-02, -4.41666643e-02,
        4.85469620e-02,  2.88661918e-01,  8.26989453e-01,  3.31589727e-01,
        1.14599188e-01,  2.36633457e-02,  2.96263099e-03,  1.44742312e-08,
       -4.50707278e-04, -2.16348688e-04, -1.15098917e-04, -1.18062787e-02,
       -6.27018133e-04, -2.16348688e-04, -5.58891179e-05,  2.96368124e-10,
        1.00444606e-04,  1.38950638e-03,  1.71987183e-02,  3.95506533e-02,
        1.35335237e-01,  1.58969871e-01,  6.30135758e-02,  1.02208144e-02,
        5.18846407e-02,  5.71727382e-03,  1.56086814e-04,  4.82390934e-04,
       -1.34346410e-09, -1.50697883e-03,  7.08802250e-01,  2.88661918e-01,
        9.09870085e-02,  2.50299865e-01,  2.05608857e-01,  7.59751762e-02,
        3.19403964e-02,  6.32888187e-03,  1.58941929e-03,  4.57605045e-06,
        2.96368124e-10, -3.84549998e-06, -3.78867692e-04, -6.72061618e-03,
       -3.84611296e-02, -5.39756517e-02, -2.22651341e-01, -7.41359149e-02,
       -1.28927168e-02, -6.54548125e-02, -2.70221735e-01, -2.45516037e-01,
       -6.54548125e-02, -1.80665289e-02, -1.18062787e-02, -1.14402408e-03,
       -1.14402408e-03,  1.25591765e-07,  2.05819747e-03,  1.50751849e-01,
        1.76480917e-01,  6.55008191e-01,  6.04530996e-01,  1.76480917e-01,
        2.88661918e-01,  6.55008191e-01,  9.60441240e-01,  1.67672530e+00,
        1.51756646e+00,  3.79479233e-01,  5.57214860e-01,  1.28115122e-01,
        1.08283215e-01,  1.00752253e-05, -6.54548125e-02, -1.05839528e-01,
       -6.72061618e-03, -2.50793089e-03, -4.28344934e-05, -8.22199762e-07,
       -1.45201026e-06, -4.50707278e-04, -1.28927168e-02, -3.84549998e-06,
        2.96263099e-03,  4.53833039e-02,  2.96824342e-02,  9.96355325e-01,
        9.96355325e-01, -2.68818110e-08]), array([ 0.051267 , -0.092742 , -0.21371  , -0.375    , -0.51325  ,
       -0.52477  , -0.39804  , -0.30588  ,  0.016705 ,  0.13191  ,
        0.38537  ,  0.52938  ,  0.63882  ,  0.73675  ,  0.54666  ,
        0.322    ,  0.16647  , -0.046659 , -0.17339  , -0.47869  ,
       -0.60541  , -0.62846  , -0.59389  , -0.42108  , -0.11578  ,
        0.20104  ,  0.46601  ,  0.67339  , -0.13882  , -0.29435  ,
       -0.26555  , -0.16187  , -0.17339  , -0.28283  , -0.36348  ,
       -0.30012  , -0.23675  , -0.06394  ,  0.062788 ,  0.22984  ,
        0.2932   ,  0.48329  ,  0.64459  ,  0.46025  ,  0.6273   ,
        0.57546  ,  0.72523  ,  0.22408  ,  0.44297  ,  0.322    ,
        0.13767  , -0.0063364, -0.092742 , -0.20795  , -0.20795  ,
       -0.43836  , -0.21947  , -0.13882  ,  0.18376  ,  0.22408  ,
        0.29896  ,  0.50634  ,  0.61578  ,  0.60426  ,  0.76555  ,
        0.92684  ,  0.82316  ,  0.96141  ,  0.93836  ,  0.86348  ,
        0.89804  ,  0.85196  ,  0.82892  ,  0.79435  ,  0.59274  ,
        0.51786  ,  0.46601  ,  0.35081  ,  0.28744  ,  0.085829 ,
        0.14919  , -0.13306  , -0.40956  , -0.39228  , -0.74366  ,
       -0.69758  , -0.75518  , -0.69758  , -0.4038   , -0.38076  ,
       -0.50749  , -0.54781  ,  0.10311  ,  0.057028 , -0.10426  ,
       -0.081221 ,  0.28744  ,  0.39689  ,  0.63882  ,  0.82316  ,
        0.67339  ,  1.0709   , -0.046659 , -0.23675  , -0.15035  ,
       -0.49021  , -0.46717  , -0.28859  , -0.61118  , -0.66302  ,
       -0.59965  , -0.72638  , -0.83007  , -0.72062  , -0.59389  ,
       -0.48445  , -0.0063364,  0.63265  ]), array([ 0.03586434, -0.06352271, -0.14794075, -0.18832125, -0.23898973,
       -0.11009675, -0.01367546,  0.05880543, -0.00675283, -0.06778723,
       -0.21775717, -0.27591286, -0.15550156, -0.13625455,  0.26653502,
        0.1875972 ,  0.08968405, -0.03809801, -0.12129671, -0.30337936,
       -0.36156296, -0.20994335, -0.00303894,  0.11481167,  0.04595656,
       -0.12094767, -0.24969748, -0.36081583, -0.07580266, -0.22958417,
       -0.2556503 , -0.12980355, -0.11242434, -0.13376445, -0.11345301,
       -0.00811735,  0.05070711,  0.01182506, -0.01023507, -0.09459065,
       -0.06708416, -0.08937965, -0.09093876,  0.00571953,  0.0995086 ,
        0.15437865,  0.3217918 ,  0.11744481,  0.29693165,  0.2229045 ,
        0.07920017, -0.00253361, -0.05131971, -0.07402812, -0.03602734,
       -0.09517234,  0.00368995,  0.03785066,  0.17153628,  0.17477568,
        0.18510108,  0.38382597,  0.44878046,  0.36087616,  0.38445155,
        0.33672097,  0.22684643,  0.08222555,  0.011661  , -0.07132517,
       -0.18577753, -0.31325717, -0.4320331 , -0.44304871, -0.43892397,
       -0.3077642 , -0.19519295, -0.20335754, -0.22125407, -0.06481119,
       -0.08648246,  0.05962419,  0.16855442,  0.10122393,  0.19189403,
       -0.02906607, -0.21915324, -0.47780045, -0.28543411, -0.34986513,
       -0.45889276, -0.38723045,  0.08042271,  0.05240075, -0.10342175,
       -0.09006597,  0.31244728,  0.32696989,  0.56830705,  0.54576331,
        0.43169686,  0.10725063,  0.02704729,  0.15108438,  0.05528219,
        0.1479944 ,  0.06249333,  0.01750962,  0.04154924,  0.14200562,
        0.2511694 ,  0.06000044, -0.25908975, -0.38822682, -0.29390428,
       -0.48409635, -0.00633177, -0.01936668]), array([ 2.50892595e-02, -4.35092419e-02, -1.02411982e-01, -9.45730485e-02,
       -1.11283178e-01, -2.30982973e-02, -4.69847789e-04, -1.13053439e-02,
        2.72976368e-03,  3.48351796e-02,  1.23045868e-01,  1.43805781e-01,
        3.78521908e-02,  2.51989156e-02,  1.29954478e-01,  1.09294129e-01,
        4.83163839e-02, -3.11077844e-02, -8.48543253e-02, -1.92272738e-01,
       -2.15932631e-01, -7.01336747e-02, -1.55502311e-05, -3.13045507e-02,
       -1.82415355e-02,  7.27633304e-02,  1.33792903e-01,  1.93332338e-01,
       -4.13920430e-02, -1.79068765e-01, -2.46119653e-01, -1.04089469e-01,
       -7.28948192e-02, -6.32638959e-02, -3.54120888e-02, -2.19549848e-04,
       -1.08604499e-02, -2.18692726e-03,  1.66841907e-03,  3.89287828e-02,
        1.53488558e-02,  1.65298730e-02,  1.28296399e-02,  7.10765589e-05,
        1.57850491e-02,  4.14151616e-02,  1.42782241e-01,  6.15551736e-02,
        1.99039224e-01,  1.54305640e-01,  4.55630683e-02, -1.01306377e-03,
       -2.83982765e-02, -2.63532706e-02, -6.24173622e-03, -2.06628667e-02,
       -6.20391144e-05, -1.03203613e-02,  1.60125691e-01,  1.36319785e-01,
        1.14605336e-01,  2.90955441e-01,  3.27071202e-01,  2.15522459e-01,
        1.93067726e-01,  1.22330729e-01,  6.25143400e-02,  7.03242253e-03,
        1.44911244e-04,  5.89160210e-03,  3.84317986e-02,  1.15181530e-01,
        2.25175654e-01,  2.47110419e-01,  3.25023200e-01,  1.82904263e-01,
        8.17585185e-02,  1.17882299e-01,  1.70308104e-01,  4.89402292e-02,
        5.01321519e-02, -2.67175977e-02, -6.93685707e-02, -2.61198232e-02,
       -4.95163346e-02, -1.21109577e-03, -6.35982691e-02, -3.27264637e-01,
       -2.01764807e-01, -3.21477077e-01, -4.14949187e-01, -2.73721592e-01,
        6.27272985e-02,  4.81489514e-02, -1.02590239e-01, -9.98741507e-02,
        3.39630193e-01,  2.69367603e-01,  5.05577316e-01,  3.61846533e-01,
        2.76752224e-01,  1.07411511e-02, -1.56787726e-02, -9.64160079e-02,
       -2.03267090e-02, -4.46795091e-02, -8.35973287e-03, -1.06236124e-03,
       -2.82460035e-03, -3.04147645e-02, -1.05204814e-01, -4.95615641e-03,
       -8.08696834e-02, -2.09153316e-01, -1.45447352e-01, -4.83742961e-01,
       -6.32715223e-03,  5.92852863e-04]), array([ 1.75514423e-02, -2.98012201e-02, -7.08946949e-02, -4.74936392e-02,
       -5.18178989e-02, -4.84602278e-03, -1.61425605e-05,  2.17345237e-03,
       -1.10347967e-03, -1.79014504e-02, -6.95282980e-02, -7.49515728e-02,
       -9.21398029e-03, -4.66028744e-03,  6.33619048e-02,  6.36747594e-02,
        2.60299687e-02, -2.54001281e-02, -5.93606918e-02, -1.21856693e-01,
       -1.28959286e-01, -2.34288554e-02, -7.95705323e-08,  8.53549880e-03,
        7.24061270e-03, -4.37751472e-02, -7.16889132e-02, -1.03591333e-01,
       -2.26021251e-02, -1.39668264e-01, -2.36944312e-01, -8.34693453e-02,
       -4.72642718e-02, -2.99206596e-02, -1.10531753e-02, -5.93816473e-06,
        2.32609116e-03,  4.04450328e-04, -2.71968992e-04, -1.60211406e-02,
       -3.51181821e-03, -3.05703470e-03, -1.81000559e-03,  8.83268398e-07,
        2.50398233e-03,  1.11104454e-02,  6.33539082e-02,  3.22622976e-02,
        1.33419973e-01,  1.06818079e-01,  2.62119775e-02, -4.05073550e-04,
       -1.57144703e-02, -9.38150081e-03, -1.08138080e-03, -4.48611498e-03,
        1.04306363e-06,  2.81394971e-03,  1.49474130e-01,  1.06325343e-01,
        7.09578939e-02,  2.20555863e-01,  2.38369492e-01,  1.28714323e-01,
        9.69566814e-02,  4.44427539e-02,  1.72277018e-02,  6.01454969e-04,
        1.80081202e-06, -4.86658117e-04, -7.95038618e-03, -4.23510967e-02,
       -1.17361551e-01, -1.37825836e-01, -2.40679679e-01, -1.08700003e-01,
       -3.42453730e-02, -6.83340112e-02, -1.31092960e-01, -3.69557459e-02,
       -2.90606058e-02,  1.19721556e-02,  2.85486353e-02,  6.73995918e-03,
        1.27771950e-02, -5.04627273e-05, -1.84562177e-02, -2.24156640e-01,
       -1.42621489e-01, -2.95392427e-01, -3.75213653e-01, -1.93485581e-01,
        4.89254110e-02,  4.42421455e-02, -1.01765413e-01, -1.10750446e-01,
        3.69178020e-01,  2.21913113e-01,  4.49771692e-01,  2.39907870e-01,
        1.77420316e-01,  1.07572628e-03,  9.08867088e-03,  6.15288396e-02,
        7.47392763e-03,  1.34887438e-02,  1.11828147e-03,  6.44566435e-05,
        1.92021981e-04,  6.51423425e-03,  4.40660886e-02,  4.09388432e-04,
       -2.52418543e-02, -1.12679258e-01, -7.19789854e-02, -4.83389829e-01,
       -6.32253341e-03, -1.81484119e-05]), array([ 1.22782870e-02, -2.04120477e-02, -4.90768525e-02, -2.38508307e-02,
       -2.41284865e-02, -1.01669558e-03, -5.54609950e-07, -4.17846218e-04,
        4.46070621e-04,  9.19937636e-03,  3.92876601e-02,  3.90647598e-02,
        2.24286708e-03,  8.61873560e-04,  3.08933639e-02,  3.70969148e-02,
        1.40233853e-02, -2.07397126e-02, -4.15263656e-02, -7.72291163e-02,
       -7.70170647e-02, -7.82664342e-03, -4.07162414e-10, -2.32728910e-03,
       -2.87401640e-03,  2.63355663e-02,  3.84123535e-02,  5.55063082e-02,
       -1.23418904e-02, -1.08937056e-01, -2.28111028e-01, -6.69340680e-02,
       -3.06456812e-02, -1.41509759e-02, -3.45002760e-03, -1.60609541e-07,
       -4.98202204e-04, -7.47990436e-05,  4.43336654e-05,  6.59350040e-03,
        8.03504006e-04,  5.65367998e-04,  2.55355589e-04,  1.09763764e-08,
        3.97206717e-04,  2.98059919e-03,  2.81107626e-02,  1.69093154e-02,
        8.94340760e-02,  7.39448154e-02,  1.50794886e-02, -1.61968659e-04,
       -8.69575926e-03, -3.33972047e-03, -1.87349224e-04, -9.73980423e-04,
       -1.75370288e-08, -7.67251527e-04,  1.39531111e-01,  8.29305777e-02,
        4.39335800e-02,  1.67190166e-01,  1.73723686e-01,  7.68707678e-02,
        4.86906758e-02,  1.61460525e-02,  4.74761006e-03,  5.14400377e-05,
        2.23786910e-08,  4.01989338e-05,  1.64469639e-03,  1.55720747e-02,
        6.11688403e-02,  7.68723603e-02,  1.78223303e-01,  6.46004120e-02,
        1.43440170e-02,  3.96118596e-02,  1.00907495e-01,  2.79060228e-02,
        1.68458520e-02, -5.36472290e-03, -1.17491909e-02, -1.73917907e-03,
       -3.29702739e-03, -2.10263046e-06, -5.35599437e-03, -1.53533849e-01,
       -1.00814852e-01, -2.71424285e-01, -3.39283194e-01, -1.36769153e-01,
        3.81603529e-02,  4.06523378e-02, -1.00947219e-01, -1.22811169e-01,
        4.01296508e-01,  1.82818680e-01,  4.00125893e-01,  1.59061317e-01,
        1.13740616e-01,  1.07733987e-04, -5.26852073e-03, -3.92652443e-02,
       -2.74808845e-03, -4.07225175e-03, -1.49592512e-04, -3.91077793e-06,
       -1.30540383e-05, -1.39521869e-03, -1.84575219e-02, -3.38163032e-05,
       -7.87873997e-03, -6.07048233e-02, -3.56209603e-02, -4.83036954e-01,
       -6.31791796e-03,  5.55559184e-07]), array([ 8.58939846e-03, -1.39810280e-02, -3.39734512e-02, -1.19776487e-02,
       -1.12351884e-02, -2.13302732e-04, -1.90547341e-08,  8.03309354e-05,
       -1.80319588e-04, -4.72746752e-03, -2.21998852e-02, -2.03605528e-02,
       -5.45958705e-04, -1.59394896e-04,  1.50626774e-02,  2.16126626e-02,
        7.55495861e-03, -1.69343901e-02, -2.90501843e-02, -4.89454971e-02,
       -4.59961314e-02, -2.61456850e-03, -2.08345007e-12,  6.34558646e-04,
        1.14078333e-03, -1.58437400e-02, -2.05821072e-02, -2.97413901e-02,
       -6.73928926e-03, -8.49676357e-02, -2.19607049e-01, -5.36744291e-02,
       -1.98703532e-02, -6.69270407e-03, -1.07685711e-03, -4.34400626e-09,
        1.06704948e-04,  1.38333351e-05, -7.22683080e-06, -2.71355509e-03,
       -1.83841717e-04, -1.04559158e-04, -3.60255665e-05,  1.36403429e-10,
        6.30089016e-05,  7.99605343e-04,  1.24730265e-02,  8.86251039e-03,
        5.99494498e-02,  5.11882985e-02,  8.67507898e-03, -6.47631683e-05,
       -4.81188535e-03, -1.18890709e-03, -3.24582530e-05, -2.11460890e-04,
        2.94850065e-10,  2.09198801e-04,  1.30249502e-01,  6.46833627e-02,
        2.72014761e-02,  1.26736833e-01,  1.26609822e-01,  4.59087600e-02,
        2.44519705e-02,  5.86586087e-03,  1.30834638e-03,  4.39946067e-06,
        2.78099993e-10, -3.32051233e-06, -3.40238342e-04, -5.72569616e-03,
       -3.18811995e-02, -4.28755589e-02, -1.31974356e-01, -3.83920249e-02,
       -6.00813494e-03, -2.29622028e-02, -7.76725354e-02, -2.10723959e-02,
       -9.76520348e-03,  2.40393233e-03,  4.83537949e-03,  4.48777766e-04,
        8.50764948e-04, -8.76103033e-08, -1.55430957e-03, -1.05161475e-01,
       -7.12629943e-02, -2.49400919e-01, -3.06793435e-01, -9.66780111e-02,
        2.97639304e-02,  3.73538071e-02, -1.00135604e-01, -1.36185306e-01,
        4.36209304e-01,  1.50611513e-01,  3.55959997e-01,  1.05459244e-01,
        7.29168341e-02,  1.07895588e-05,  3.05405610e-03,  2.50575083e-02,
        1.01044464e-03,  1.22941280e-03,  2.00109903e-05,  2.37278629e-07,
        8.87439632e-07,  2.98827940e-04,  7.73111761e-03,  2.79329428e-06,
       -2.45919111e-03, -3.27041165e-02, -1.76281008e-02, -4.82684337e-01,
       -6.31330588e-03, -1.70067777e-08]), array([2.62830529e-03, 8.60107856e-03, 4.56719641e-02, 1.40625000e-01,
       2.63425562e-01, 2.75383553e-01, 1.58435842e-01, 9.35625744e-02,
       2.79057025e-04, 1.74002481e-02, 1.48510037e-01, 2.80243184e-01,
       4.08090992e-01, 5.42800562e-01, 2.98837156e-01, 1.03684000e-01,
       2.77122609e-02, 2.17706228e-03, 3.00640921e-02, 2.29144116e-01,
       3.66521268e-01, 3.94961972e-01, 3.52705332e-01, 1.77308366e-01,
       1.34050084e-02, 4.04170816e-02, 2.17165320e-01, 4.53454092e-01,
       1.92709924e-02, 8.66419225e-02, 7.05168025e-02, 2.62018969e-02,
       3.00640921e-02, 7.99928089e-02, 1.32117710e-01, 9.00720144e-02,
       5.60505625e-02, 4.08832360e-03, 3.94233294e-03, 5.28264256e-02,
       8.59662400e-02, 2.33569224e-01, 4.15496268e-01, 2.11830062e-01,
       3.93505290e-01, 3.31154212e-01, 5.25958553e-01, 5.02118464e-02,
       1.96222421e-01, 1.03684000e-01, 1.89530289e-02, 4.01499650e-05,
       8.60107856e-03, 4.32432025e-02, 4.32432025e-02, 1.92159490e-01,
       4.81670809e-02, 1.92709924e-02, 3.37677376e-02, 5.02118464e-02,
       8.93770816e-02, 2.56380196e-01, 3.79185008e-01, 3.65130148e-01,
       5.86066802e-01, 8.59032386e-01, 6.77592386e-01, 9.24309188e-01,
       8.80519490e-01, 7.45597710e-01, 8.06475842e-01, 7.25835842e-01,
       6.87108366e-01, 6.30991923e-01, 3.51340708e-01, 2.68178980e-01,
       2.17165320e-01, 1.23067656e-01, 8.26217536e-02, 7.36661724e-03,
       2.22576561e-02, 1.77049636e-02, 1.67739394e-01, 1.53883598e-01,
       5.53030196e-01, 4.86617856e-01, 5.70296832e-01, 4.86617856e-01,
       1.63054440e-01, 1.44978178e-01, 2.57546100e-01, 3.00095796e-01,
       1.06316721e-02, 3.25219278e-03, 1.08701476e-02, 6.59685084e-03,
       8.26217536e-02, 1.57521672e-01, 4.08090992e-01, 6.77592386e-01,
       4.53454092e-01, 1.14682681e+00, 2.17706228e-03, 5.60505625e-02,
       2.26051225e-02, 2.40305844e-01, 2.18247809e-01, 8.32841881e-02,
       3.73540992e-01, 4.39595520e-01, 3.59580123e-01, 5.27627904e-01,
       6.89016205e-01, 5.19293184e-01, 3.52705332e-01, 2.34691802e-01,
       4.01499650e-05, 4.00246023e-01]), array([ 1.83865725e-03,  5.89122275e-03,  3.16164171e-02,  7.06204687e-02,
        1.22661479e-01,  5.77754694e-02,  5.44338021e-03, -1.79874049e-02,
       -1.12806012e-04, -8.94181350e-03, -8.39170815e-02, -1.46062748e-01,
       -9.93375094e-02, -1.00385536e-01,  1.45704032e-01,  6.04062984e-02,
        1.49297034e-02,  1.77761489e-03,  2.10316363e-02,  1.45224666e-01,
        2.18893832e-01,  1.31940996e-01,  1.80479318e-03, -4.83448992e-02,
       -5.32084998e-03, -2.43153205e-02, -1.16361522e-01, -2.42969772e-01,
        1.05229254e-02,  6.75781003e-02,  6.78879361e-02,  2.10113011e-02,
        1.94932567e-02,  3.78325990e-02,  4.12379009e-02,  2.43617777e-03,
       -1.20049095e-02, -7.56094567e-04, -6.42639693e-04, -2.17407155e-02,
       -1.96690757e-02, -4.31962923e-02, -5.86182135e-02,  2.63241219e-03,
        6.24217442e-02,  8.88387403e-02,  2.33373070e-01,  2.63170329e-02,
        1.31531813e-01,  7.17752490e-02,  1.09034880e-02,  1.60539635e-05,
        4.75949283e-03,  1.53941477e-02,  7.49188483e-03,  4.17197468e-02,
       -8.09833131e-04, -5.25442879e-03,  3.15215077e-02,  3.91637338e-02,
        5.53378201e-02,  1.94346443e-01,  2.76350034e-01,  2.18063027e-01,
        2.94316888e-01,  3.12086466e-01,  1.86730910e-01,  7.90524676e-02,
        1.09422157e-02, -6.15878621e-02, -1.66835657e-01, -2.66882581e-01,
       -3.58120881e-01, -3.51935745e-01, -2.60167794e-01, -1.59378768e-01,
       -9.09618660e-02, -7.13398589e-02, -6.35972686e-02, -5.56268001e-03,
       -1.29023181e-02, -7.93359419e-03, -6.90331474e-02, -3.97081237e-02,
       -1.42703912e-01,  2.02759062e-02,  1.65500141e-01,  3.33304035e-01,
        1.15258292e-01,  1.33214648e-01,  2.32883486e-01,  2.12128715e-01,
        8.29238529e-03,  2.98830986e-03,  1.07827516e-02,  7.31524790e-03,
        8.98098462e-02,  1.29771079e-01,  3.63045909e-01,  4.49250528e-01,
        2.90700349e-01,  1.14854705e-01, -1.26199946e-03, -3.57692270e-02,
       -8.31167749e-03, -7.25483343e-02, -2.91950094e-02, -5.05310154e-03,
       -2.53940637e-02, -9.41525686e-02, -1.50613730e-01, -4.35831202e-02,
        2.15062628e-01,  2.79764010e-01,  1.74546815e-01,  2.34520477e-01,
        4.01206555e-05, -1.22523312e-02]), array([1.28625106e-03, 4.03513411e-03, 2.18864648e-02, 3.54648932e-02,
       5.71160910e-02, 1.21212935e-02, 1.87018214e-04, 3.45807860e-03,
       4.56007022e-05, 4.59510854e-03, 4.74181860e-02, 7.61279041e-02,
       2.41807365e-02, 1.85653010e-02, 7.10409149e-02, 3.51927094e-02,
       8.04322843e-03, 1.45145811e-03, 1.47128915e-02, 9.20390369e-02,
       1.30727774e-01, 4.40762092e-02, 9.23512672e-06, 1.31817202e-02,
       2.11200498e-03, 1.46283399e-02, 6.23488306e-02, 1.30188063e-01,
       5.74604341e-03, 5.27088909e-02, 6.53570738e-02, 1.68489624e-02,
       1.26392327e-02, 1.78929277e-02, 1.28715860e-02, 6.58913002e-05,
       2.57121151e-03, 1.39832129e-04, 1.04756696e-04, 8.94739145e-03,
       4.50028452e-03, 7.98872230e-03, 8.26985756e-03, 3.27129862e-05,
       9.90196127e-03, 2.38327689e-02, 1.03549965e-01, 1.37932833e-02,
       8.81684050e-02, 4.96864161e-02, 6.27266761e-03, 6.41917730e-06,
       2.63371295e-03, 5.48016262e-03, 1.29796905e-03, 9.05777422e-03,
       1.36157244e-05, 1.43267255e-03, 2.94246970e-02, 3.05465375e-02,
       3.42624113e-02, 1.47322378e-01, 2.01403905e-01, 1.30231601e-01,
       1.47802998e-01, 1.13381013e-01, 5.14593041e-02, 6.76104135e-03,
       1.35978914e-04, 5.08728058e-03, 3.45132924e-02, 9.81300561e-02,
       1.86652603e-01, 1.96292162e-01, 1.92654251e-01, 9.47188016e-02,
       3.81002872e-02, 4.13542894e-02, 4.89533615e-02, 4.20049093e-03,
       7.47921575e-03, 3.55504356e-03, 2.84105918e-02, 1.02462842e-02,
       3.68233174e-02, 8.44836185e-04, 4.80281408e-02, 2.28293265e-01,
       8.14726289e-02, 1.22405612e-01, 2.10582563e-01, 1.49947425e-01,
       6.46781175e-03, 2.74583840e-03, 1.06960583e-02, 8.11187839e-03,
       9.76233028e-02, 1.06909308e-01, 3.22972901e-01, 2.97857592e-01,
       1.86362180e-01, 1.15026987e-02, 7.31555849e-04, 2.28264899e-02,
       3.05612070e-03, 2.19023421e-02, 3.90541641e-03, 3.06586830e-04,
       1.72633924e-03, 2.01655971e-02, 6.30860670e-02, 3.60005289e-03,
       6.71274981e-02, 1.50720063e-01, 8.63797277e-02, 2.34349278e-01,
       4.00913674e-05, 3.75068364e-04]), array([ 8.99809795e-04,  2.76382476e-03,  1.51509052e-02,  1.78101147e-02,
        2.65955366e-02,  2.54304737e-03,  6.42538477e-06, -6.64815610e-04,
       -1.84336279e-05, -2.36138033e-03, -2.67941202e-02, -3.96778636e-02,
       -5.88607489e-03, -3.43346677e-03,  3.46374189e-02,  2.05032725e-02,
        4.33320888e-03,  1.18514458e-03,  1.02925504e-02,  5.83315804e-02,
        7.80732413e-02,  1.47240984e-02,  4.72561434e-08, -3.59412783e-03,
       -8.38318138e-04, -8.80055559e-03, -3.34077504e-02, -6.97573679e-02,
        3.13762701e-03,  4.11113536e-02,  6.29205621e-02,  1.35111829e-02,
        8.19515209e-03,  8.46246015e-03,  4.01760815e-03,  1.78216200e-06,
       -5.50702082e-04, -2.58605540e-05, -1.70763891e-05, -3.68229895e-03,
       -1.02966510e-03, -1.47743430e-03, -1.16671150e-03,  4.06524280e-07,
        1.57074812e-03,  6.39361691e-03,  4.59461548e-02,  7.22933564e-03,
        5.91010452e-02,  3.43954216e-02,  3.60860295e-03,  2.56670804e-06,
        1.45739140e-03,  1.95088309e-03,  2.24873137e-04,  1.96653336e-03,
       -2.28921175e-07, -3.90632498e-04,  2.74673662e-02,  2.38253828e-02,
        2.12135720e-02,  1.11676255e-01,  1.46783166e-01,  7.77769167e-02,
        7.42251874e-02,  4.11913220e-02,  1.41811550e-02,  5.78244822e-04,
        1.68980997e-06, -4.20219551e-04, -7.13976481e-03, -3.60814403e-02,
       -9.72833367e-02, -1.09481953e-01, -1.42660473e-01, -5.62913838e-02,
       -1.59586863e-02, -2.39722545e-02, -3.76813605e-02, -3.17187471e-03,
       -4.33555179e-03, -1.59301502e-03, -1.16923791e-02, -2.64395119e-03,
       -9.50188881e-03,  3.52017893e-05,  1.39377665e-02,  1.56367189e-01,
        5.75905572e-02,  1.12473620e-01,  1.90417177e-01,  1.05993336e-01,
        5.04469913e-03,  2.52304107e-03,  1.06100620e-02,  8.99526195e-03,
        1.06116530e-01,  8.80750953e-02,  2.87323152e-01,  1.97482562e-01,
        1.19473066e-01,  1.15199528e-03, -4.24068294e-04, -1.45669528e-02,
       -1.12370502e-03, -6.61231709e-03, -5.22427553e-04, -1.86015427e-05,
       -1.17359994e-04, -4.31906759e-03, -2.64242300e-02, -2.97371569e-04,
        2.09525060e-02,  8.11989267e-02,  4.27475996e-02,  2.34178203e-01,
        4.00621007e-05, -1.14815928e-05]), array([6.29470940e-04, 1.89305413e-03, 1.04882142e-02, 8.94406151e-03,
       1.23839457e-02, 5.33531339e-04, 2.20756945e-07, 1.27810801e-04,
       7.45160973e-06, 1.21348974e-03, 1.51402856e-02, 2.06801025e-02,
       1.43278835e-03, 6.34985345e-04, 1.68881663e-02, 1.19452066e-02,
       2.33447295e-03, 9.67694251e-04, 7.20025653e-03, 3.69688057e-02,
       4.66269012e-02, 4.91873233e-03, 2.41809686e-10, 9.79974895e-04,
       3.32753619e-04, 5.29450225e-03, 1.79005408e-02, 3.73773929e-02,
       1.71330123e-03, 3.20656225e-02, 6.05748836e-02, 1.08346176e-02,
       5.31365466e-03, 4.00232053e-03, 1.25401603e-03, 4.82021355e-08,
       1.17949372e-04, 4.78265085e-06, 2.78362218e-06, 1.51545013e-03,
       2.35587375e-04, 2.73236700e-04, 1.64599659e-04, 5.05187723e-09,
       2.49167774e-04, 1.71521561e-03, 2.03867684e-02, 3.78903940e-03,
       3.96166126e-02, 2.38102306e-02, 2.07599319e-03, 1.02629821e-06,
       8.06462105e-04, 6.94494872e-04, 3.89592711e-05, 4.26954058e-04,
       3.84885171e-09, 1.06509857e-04, 2.56402370e-02, 1.85830839e-02,
       1.31343831e-02, 8.46550687e-02, 1.06975571e-01, 4.64499302e-02,
       3.72751469e-02, 1.49648073e-02, 3.90804270e-03, 4.94549667e-05,
       2.09992685e-08, 3.47109753e-05, 1.47700315e-03, 1.32667848e-02,
       5.07040751e-02, 6.10635594e-02, 1.05640080e-01, 3.34539694e-02,
       6.68445534e-03, 1.38962365e-02, 2.90048504e-02, 2.39514603e-03,
       2.51323266e-03, 7.13830029e-04, 4.81199860e-03, 6.82245164e-04,
       2.45186739e-03, 1.46675295e-06, 4.04473983e-03, 1.07102143e-01,
       4.07090371e-02, 1.03347511e-01, 1.72182828e-01, 7.49235097e-02,
       3.93471398e-03, 2.31832152e-03, 1.05247571e-02, 9.97484598e-03,
       1.15348668e-01, 7.25589058e-02, 2.55608423e-01, 1.30932914e-01,
       7.65917934e-02, 1.15372327e-04, 2.45823909e-04, 9.29604659e-03,
       4.13175098e-04, 1.99625853e-03, 6.98851337e-05, 1.12861140e-06,
       7.97836713e-06, 9.25057897e-04, 1.10680530e-02, 2.45634863e-05,
       6.53990569e-03, 4.37451097e-02, 2.11549321e-02, 2.34007252e-01,
       4.00328554e-05, 3.51474517e-07]), array([ 1.34745327e-04, -7.97681228e-04, -9.76055545e-03, -5.27343750e-02,
       -1.35203170e-01, -1.44513027e-01, -6.30638024e-02, -2.86189203e-02,
        4.66164760e-06,  2.29526673e-03,  5.72313129e-02,  1.48355137e-01,
        2.60696688e-01,  3.99908314e-01,  1.63362319e-01,  3.33862480e-02,
        4.61326007e-03, -1.01579549e-04, -5.21281293e-03, -1.09688997e-01,
       -2.21895641e-01, -2.48217801e-01, -2.09468170e-01, -7.46610069e-02,
       -1.55203187e-03,  8.12545008e-03,  1.01201211e-01,  3.05351451e-01,
       -2.67519916e-03, -2.55030499e-02, -1.87257369e-02, -4.24130105e-03,
       -5.21281293e-03, -2.26243661e-02, -4.80221454e-02, -2.70324130e-02,
       -1.32699707e-02, -2.61407411e-04,  2.47531201e-04,  1.21416257e-02,
        2.52053016e-02,  1.12881670e-01,  2.67824739e-01,  9.74947863e-02,
        2.46845868e-01,  1.90566003e-01,  3.81440921e-01,  1.12514705e-02,
        8.69206458e-02,  3.33862480e-02,  2.60926349e-03, -2.54406238e-07,
       -7.97681228e-04, -8.99242396e-03, -8.99242396e-03, -8.42350339e-02,
       -1.05712292e-02, -2.67519916e-03,  6.20515946e-03,  1.12514705e-02,
        2.67201723e-02,  1.29815548e-01,  2.33494544e-01,  2.20633543e-01,
        4.48663441e-01,  7.96185576e-01,  5.57766948e-01,  8.88640097e-01,
        8.26244268e-01,  6.43808711e-01,  7.24247565e-01,  6.18383104e-01,
        5.69557867e-01,  5.01228434e-01,  2.08253691e-01,  1.38879166e-01,
        1.01201211e-01,  4.31733644e-02,  2.37487969e-02,  6.32269391e-04,
        3.32061971e-03, -2.35582246e-03, -6.86993460e-02, -6.03654580e-02,
       -4.11266435e-01, -3.39454884e-01, -4.30676762e-01, -3.39454884e-01,
       -6.58413829e-02, -5.52018909e-02, -1.30702070e-01, -1.64395478e-01,
        1.09623171e-03,  1.85466050e-04, -1.13332159e-03, -5.35802822e-04,
        2.37487969e-02,  6.25187764e-02,  2.60696688e-01,  5.57766948e-01,
        3.05351451e-01,  1.22813683e+00, -1.01579549e-04, -1.32699707e-02,
       -3.39868017e-03, -1.17800328e-01, -1.01958829e-01, -2.40349838e-02,
       -2.28300784e-01, -2.91460622e-01, -2.15622220e-01, -3.83258357e-01,
       -5.71931681e-01, -3.74213055e-01, -2.09468170e-01, -1.13696444e-01,
       -2.54406238e-07,  2.53215646e-01]), array([ 9.42624411e-05, -5.46363780e-04, -6.75674451e-03, -2.64826758e-02,
       -6.29560041e-02, -3.03188331e-02, -2.16668306e-03,  5.50198742e-03,
       -1.88442443e-06, -1.17951462e-03, -3.23391257e-02, -7.73226974e-02,
       -6.34587877e-02, -7.39590437e-02,  7.96505661e-02,  1.94508281e-02,
        2.48534773e-03, -8.29417333e-05, -3.64667541e-03, -6.95175956e-02,
       -1.32520515e-01, -8.29196385e-02, -1.07184862e-03,  2.03570701e-02,
        6.16048011e-04, -4.88835203e-03, -5.42256328e-02, -1.63613415e-01,
       -1.46079250e-03, -1.98916138e-02, -1.80276414e-02, -3.40109931e-03,
       -3.37993578e-03, -1.07001940e-02, -1.49891522e-02, -7.31145673e-04,
        2.84216232e-03,  4.83446866e-05, -4.03500611e-05, -4.99688604e-03,
       -5.76697300e-03, -2.08763361e-02, -3.77847142e-02,  1.21156771e-03,
        3.91571601e-02,  5.11231415e-02,  1.69249151e-01,  5.89712074e-03,
        5.82646473e-02,  2.31116302e-02,  1.50108319e-03, -1.01724334e-07,
       -4.41404884e-04, -3.20121301e-03, -1.55793745e-03, -1.82882682e-02,
        1.77734077e-04,  7.29419804e-04,  5.79239225e-03,  8.77580948e-03,
        1.65437947e-02,  9.84053782e-02,  1.70170824e-01,  1.31766765e-01,
        2.25314293e-01,  2.89254220e-01,  1.53709416e-01,  7.60018329e-02,
        1.02677375e-02, -5.31798871e-02, -1.49825094e-01, -2.27373283e-01,
       -2.96853560e-01, -2.79560159e-01, -1.54211858e-01, -8.25358886e-02,
       -4.23891392e-02, -2.50267359e-02, -1.82803989e-02, -4.77439263e-04,
       -1.92489684e-03,  1.05564404e-03,  2.82732159e-02,  1.55767028e-02,
        1.06123191e-01, -1.41440667e-02, -1.24982396e-01, -2.32506228e-01,
       -4.65412983e-02, -5.07228095e-02, -1.18186040e-01, -1.16206232e-01,
        8.55027847e-04,  1.70417335e-04, -1.12420968e-03, -5.94151749e-04,
        2.58149422e-02,  5.15048436e-02,  2.31920987e-01,  3.69805064e-01,
        1.95754708e-01,  1.22997904e-01,  5.88836329e-05,  8.46836448e-03,
        1.24966071e-03,  3.55639190e-02,  1.36390325e-02,  1.45827457e-03,
        1.55203439e-02,  6.24250360e-02,  9.03155233e-02,  3.16579068e-02,
       -1.78517036e-01, -2.01603541e-01, -1.03661608e-01, -1.13613445e-01,
       -2.54220521e-07, -7.75143736e-03]), array([ 6.59422333e-05, -3.74226408e-04, -4.67735639e-03, -1.32993350e-02,
       -2.93148337e-02, -6.36089118e-03, -7.44407298e-05, -1.05775708e-03,
        7.61759730e-07,  6.06140767e-04,  1.82735464e-02,  4.03005899e-02,
        1.54471381e-02,  1.36779855e-02,  3.88352265e-02,  1.13320524e-02,
        1.33895624e-03, -6.77235841e-05, -2.55106825e-03, -4.40581666e-02,
       -7.91439018e-02, -2.77001344e-02, -5.48464941e-06, -5.55055875e-03,
       -2.44527937e-04,  2.94088146e-03,  2.90551786e-02,  8.76673398e-02,
       -7.97665747e-04, -1.55148620e-02, -1.73555710e-02, -2.72734154e-03,
       -2.19151656e-03, -5.06065674e-03, -4.67856409e-03, -1.97752970e-05,
       -6.08734325e-04, -8.94086634e-06,  6.57746345e-06,  2.05646845e-03,
        1.31948342e-03,  3.86086960e-03,  5.33066749e-03,  1.50561519e-05,
        6.21150031e-03,  1.37148052e-02,  7.50975409e-02,  3.09079892e-03,
        3.90559584e-02,  1.59990260e-02,  8.63558150e-04, -4.06744751e-08,
       -2.44255807e-04, -1.13959982e-03, -2.69912663e-04, -3.97056591e-03,
       -2.98824304e-06, -1.98883604e-04,  5.40708232e-03,  6.84486812e-03,
        1.02430905e-02,  7.45952129e-02,  1.24020497e-01,  7.86937471e-02,
        1.13150585e-01,  1.05086058e-01,  4.23592407e-02,  6.50013276e-03,
        1.27597174e-04,  4.39276504e-03,  3.09943171e-02,  8.36028826e-02,
        1.54720076e-01,  1.55924679e-01,  1.14193881e-01,  4.90510786e-02,
        1.77551148e-02,  1.45074983e-02,  1.40711542e-02,  3.60523936e-04,
        1.11582420e-03, -4.73034096e-04, -1.16358420e-02, -4.01941238e-03,
       -2.73840282e-02, -5.89340826e-04, -3.62698914e-02, -1.59252816e-01,
       -3.28986475e-02, -4.66071607e-02, -1.06868545e-01, -8.21426989e-02,
        6.66896070e-04,  1.56589672e-04, -1.11517104e-03, -6.58854875e-04,
        2.80608422e-02,  4.24312353e-02,  2.06321549e-01,  2.45184456e-01,
        1.25494428e-01,  1.23182400e-02, -3.41336643e-05, -5.40417148e-03,
       -4.59487747e-04, -1.07367471e-02, -1.82449338e-03, -8.84778933e-05,
       -1.05510402e-03, -1.33701942e-02, -3.78295601e-02, -2.61500642e-03,
       -5.57205223e-02, -1.08611892e-01, -5.13000565e-02, -1.13530508e-01,
       -2.54034940e-07,  2.37287000e-04]), array([ 4.61305487e-05, -2.56322636e-04, -3.23789996e-03, -6.67879302e-03,
       -1.36501592e-02, -1.33451497e-03, -2.55756016e-06,  2.03353799e-04,
       -3.07933753e-07, -3.11489679e-04, -1.03256501e-02, -2.10046674e-02,
       -3.76014236e-03, -2.52960665e-03,  1.89348914e-02,  6.60205375e-03,
        7.21349283e-04, -5.52976609e-05, -1.78462531e-03, -2.79227442e-02,
       -4.72663210e-02, -9.25350691e-03, -2.80649510e-08,  1.51341535e-03,
        9.70604741e-05, -1.76926370e-03, -1.55683458e-02, -4.69739140e-02,
       -4.35565381e-04, -1.21011269e-02, -1.67085553e-02, -2.18705518e-03,
       -1.42095742e-03, -2.39343760e-03, -1.46032021e-03, -5.34862459e-07,
        1.30378718e-04,  1.65352382e-06, -1.07219232e-06, -8.46339591e-04,
       -3.01897807e-04, -7.14029224e-04, -7.52050569e-04,  1.87102800e-07,
        9.85330294e-04,  3.67927078e-03,  3.33215299e-02,  1.61994953e-03,
        2.61799900e-02,  1.10753257e-02,  4.96796368e-04, -1.62636888e-08,
       -1.35161393e-04, -4.05686139e-04, -4.67623689e-05, -8.62049565e-04,
        5.02413303e-08,  5.42276034e-05,  5.04740321e-03,  5.33879179e-03,
        6.34200947e-03,  5.65461552e-02,  9.03861379e-02,  4.69974797e-02,
        5.68230922e-02,  3.81777649e-02,  1.16733596e-02,  5.55930354e-04,
        1.58565008e-06, -3.62851178e-04, -6.41179439e-03, -3.07399439e-02,
       -8.06401034e-02, -8.69669895e-02, -8.45605689e-02, -2.91510560e-02,
       -7.43690740e-03, -8.40970659e-03, -1.08311303e-02, -2.72238835e-04,
       -6.46820971e-04,  2.11966578e-04,  4.78873077e-03,  1.03716917e-03,
        7.06617464e-03, -2.45560642e-05, -1.05255225e-02, -1.09078624e-01,
       -2.32550670e-02, -4.28254557e-02, -9.66348130e-02, -5.80642096e-02,
        5.20158928e-04,  1.43883986e-04, -1.10620506e-03, -7.30604171e-04,
        3.05021354e-02,  3.49561246e-02,  1.83547776e-01,  1.62559746e-01,
        8.04519681e-02,  1.23367174e-03,  1.97866025e-05,  3.44872607e-03,
        1.68949050e-04,  3.24142396e-03,  2.44062480e-04,  5.36821922e-06,
        7.17280813e-05,  2.86362820e-03,  1.58452895e-02,  2.16004760e-04,
       -1.73920466e-02, -5.85135705e-02, -2.53873719e-02, -1.13447630e-01,
       -2.53849495e-07, -7.26382966e-06]), array([6.90798869e-06, 7.39785525e-05, 2.08592830e-03, 1.97753906e-02,
       6.93930270e-02, 7.58361012e-02, 2.51019159e-02, 8.75395533e-03,
       7.78728232e-08, 3.02768634e-04, 2.20552311e-02, 7.85362424e-02,
       1.66538258e-01, 2.94632451e-01, 8.93036456e-02, 1.07503719e-02,
       7.67969404e-04, 4.73960018e-06, 9.03849634e-04, 5.25070259e-02,
       1.34337840e-01, 1.55994959e-01, 1.24401051e-01, 3.14382568e-02,
       1.79694250e-04, 1.63354049e-03, 4.71607763e-02, 2.05620614e-01,
       3.71371148e-04, 7.50682273e-03, 4.97261943e-03, 6.86539401e-04,
       9.03849634e-04, 6.39884948e-03, 1.74550894e-02, 8.11296778e-03,
       3.14166556e-03, 1.67143899e-05, 1.55419890e-05, 2.79063124e-03,
       7.39019442e-03, 5.45545824e-02, 1.72637149e-01, 4.48719754e-02,
       1.54846413e-01, 1.09663112e-01, 2.76632399e-01, 2.52122952e-03,
       3.85032385e-02, 1.07503719e-02, 3.59217304e-04, 1.61201969e-09,
       7.39785525e-05, 1.86997456e-03, 1.86997456e-03, 3.69252694e-02,
       2.32006768e-03, 3.71371148e-04, 1.14026010e-03, 2.52122952e-03,
       7.98826272e-03, 6.57308047e-02, 1.43781271e-01, 1.33320025e-01,
       3.43474297e-01, 7.37936640e-01, 4.59131441e-01, 8.54347475e-01,
       7.75314572e-01, 5.55915946e-01, 6.50403283e-01, 5.26837669e-01,
       4.72117907e-01, 3.98150806e-01, 1.23440293e-01, 7.19199651e-02,
       4.71607763e-02, 1.51456480e-02, 6.82635417e-03, 5.42670496e-05,
       4.95403255e-04, 3.13465736e-04, 2.81365042e-02, 2.36801619e-02,
       3.05842397e-01, 2.36796938e-01, 3.25238477e-01, 2.36796938e-01,
       2.65867504e-02, 2.10186720e-02, 6.63299937e-02, 9.00574868e-02,
       1.13032452e-04, 1.05767579e-05, 1.18160109e-04, 4.35184410e-05,
       6.82635417e-03, 2.48130772e-02, 1.66538258e-01, 4.59131441e-01,
       2.05620614e-01, 1.31521173e+00, 4.73960018e-06, 3.14166556e-03,
       5.10991563e-04, 5.77468987e-02, 4.76321061e-02, 6.93625599e-03,
       1.39532873e-01, 1.93244222e-01, 1.29297864e-01, 2.78391206e-01,
       4.74743331e-01, 2.69665411e-01, 1.24401051e-01, 5.50802422e-02,
       1.61201969e-09, 1.60196879e-01]), array([ 4.83255257e-06,  5.06708697e-05,  1.44398387e-03,  9.93100342e-03,
        3.23121691e-02,  1.59104140e-02,  8.62426525e-04, -1.68294791e-03,
       -3.14793101e-08, -1.55589773e-04, -1.24625289e-02, -4.09330895e-02,
       -4.05387428e-02, -5.44893254e-02,  4.35417785e-02,  6.26316664e-03,
        4.13735837e-04,  3.86997834e-06,  6.32297050e-04,  3.32773778e-02,
        8.02292448e-02,  5.21116760e-02,  6.36560179e-04, -8.57195510e-03,
       -7.13260387e-05, -9.82754291e-04, -2.52696871e-02, -1.10175637e-01,
        2.02787215e-04,  5.85509653e-03,  4.78724018e-03,  5.50535946e-04,
        5.86047064e-04,  3.02633586e-03,  5.44825705e-03,  2.19431439e-04,
       -6.72881929e-04, -3.09115926e-06, -2.53349963e-06, -1.14848429e-03,
       -1.69087648e-03, -1.00893245e-02, -2.43556490e-02,  5.57624038e-04,
        2.45632865e-02,  2.94193230e-02,  1.22744562e-01,  1.32142682e-03,
        2.58094908e-02,  7.44194492e-03,  2.06654123e-04,  6.44566072e-10,
        4.09367718e-05,  6.65692244e-04,  3.23973093e-04,  8.01684525e-03,
       -3.90072979e-05, -1.01258057e-04,  1.06441000e-03,  1.96648339e-03,
        4.94593286e-03,  4.98265792e-02,  1.04787790e-01,  7.96213851e-02,
        1.72489357e-01,  2.68092381e-01,  1.26527443e-01,  7.30689222e-02,
        9.63483418e-03, -4.59197690e-02, -1.34548927e-01, -1.93712942e-01,
       -2.46067853e-01, -2.22068612e-01, -9.14075368e-02, -4.27420353e-02,
       -1.97537627e-02, -8.77962922e-03, -5.25451786e-03, -4.09781345e-05,
       -2.87175359e-04, -1.40463996e-04, -1.15795783e-02, -6.11042897e-03,
       -7.89195722e-02,  9.86661802e-03,  9.43842060e-02,  1.62191695e-01,
        1.87933763e-02,  1.93132169e-02,  5.99782335e-02,  6.36589357e-02,
        8.81619213e-05,  9.71855977e-06,  1.17210102e-04,  4.82575992e-05,
        7.42024698e-03,  2.04417574e-02,  1.48155765e-01,  3.04408737e-01,
        1.31819263e-01,  1.31718455e-01, -2.74745143e-06, -2.00488529e-03,
       -1.87886488e-04, -1.74337887e-02, -6.37174683e-03, -4.20843460e-04,
       -9.48572377e-03, -4.13890474e-02, -5.41577035e-02, -2.29956704e-02,
        1.48181636e-01,  1.45279544e-01,  6.15635923e-02,  5.50400336e-02,
        1.61084291e-09, -4.90394685e-03]), array([3.38066048e-06, 3.47065055e-05, 9.99597833e-04, 4.98725061e-03,
       1.50458384e-02, 3.33800486e-03, 2.96303881e-05, 3.23546736e-04,
       1.27251963e-08, 7.99560286e-05, 7.04207656e-03, 2.13343263e-02,
       9.86794077e-03, 1.00772558e-02, 2.12296649e-02, 3.64892089e-03,
       2.22896045e-04, 3.15991471e-06, 4.42329724e-04, 2.10902037e-02,
       4.79145096e-02, 1.74084265e-02, 3.25727844e-06, 2.33722928e-03,
       2.83114446e-05, 5.91234809e-04, 1.35400038e-02, 5.90343099e-02,
       1.10731959e-04, 4.56679964e-03, 4.60877187e-03, 4.41474775e-04,
       3.79987056e-04, 1.43130554e-03, 1.70056447e-03, 5.93496214e-06,
       1.44117852e-04, 5.71678994e-07, 4.12985775e-07, 4.72658709e-04,
       3.86872539e-04, 1.86591967e-03, 3.43609495e-03, 6.92959392e-06,
       3.89647414e-03, 7.89232179e-03, 5.44629896e-02, 6.92586223e-04,
       1.73006179e-02, 5.15168637e-03, 1.18886050e-04, 2.57729744e-10,
       2.26527720e-05, 2.36979782e-04, 5.61283384e-05, 1.74053727e-03,
       6.55829700e-07, 2.76090219e-05, 9.93605447e-04, 1.53379805e-03,
       3.06227433e-03, 3.77705401e-02, 7.63693414e-02, 4.75514836e-02,
       8.66224303e-02, 9.73979621e-02, 3.48684326e-02, 6.24929264e-03,
       1.19732084e-04, 3.79306475e-03, 2.78341366e-02, 7.12263118e-02,
       1.28250565e-01, 1.23858768e-01, 6.76872810e-02, 2.54015916e-02,
       8.27406106e-03, 5.08937547e-03, 4.04461258e-03, 3.09434089e-05,
       1.66469812e-04, 6.29419168e-05, 4.76557544e-03, 1.57673509e-03,
       2.03644064e-02, 4.11112373e-04, 2.73902966e-02, 1.11091579e-01,
       1.32844739e-02, 1.77461425e-02, 5.42347178e-02, 4.49985919e-02,
       6.87636538e-05, 8.92999583e-06, 1.16267732e-04, 5.35128518e-05,
       8.06580847e-03, 1.68405330e-02, 1.31802332e-01, 2.01826037e-01,
       8.45066931e-02, 1.31916033e-02, 1.59264264e-06, 1.27943760e-03,
       6.90839827e-05, 5.26326081e-03, 8.52348574e-04, 2.55338352e-05,
       6.44858474e-04, 8.86470617e-03, 2.26844957e-02, 1.89948836e-03,
       4.62519340e-02, 7.82679014e-02, 3.04665905e-02, 5.49998544e-02,
       1.60966700e-09, 1.50119621e-04]), array([ 3.54151856e-07, -6.86091891e-06, -4.45783738e-04, -7.41577148e-03,
       -3.56159711e-02, -3.97965108e-02, -9.99156661e-03, -2.67765986e-03,
        1.30086551e-09,  3.99382105e-05,  8.49942439e-03,  4.15755160e-02,
        1.06387970e-01,  2.17070458e-01,  4.88187309e-02,  3.46161974e-03,
        1.27843867e-04, -2.21145005e-07, -1.56718488e-04, -2.51345882e-02,
       -8.13294717e-02, -9.80365919e-02, -7.38805404e-02, -1.32380212e-02,
       -2.08050003e-05,  3.28406979e-04,  2.19773933e-02,  1.38462865e-01,
       -5.15537428e-05, -2.20963327e-03, -1.32047909e-03, -1.11130133e-04,
       -1.56718488e-04, -1.80978660e-03, -6.34457590e-03, -2.43486389e-03,
       -7.43789321e-04, -1.06871809e-06,  9.75850408e-07,  6.41398685e-04,
        2.16680500e-03,  2.63656842e-02,  1.11280180e-01,  2.06523267e-02,
        9.71351550e-02,  6.31067344e-02,  2.00622115e-01,  5.64957111e-04,
        1.70557795e-02,  3.46161974e-03,  4.94534463e-05, -1.02144015e-11,
       -6.86091891e-06, -3.88861210e-04, -3.88861210e-04, -1.61865611e-02,
       -5.09185254e-04, -5.15537428e-05,  2.09534196e-04,  5.64957111e-04,
        2.38817102e-03,  3.32821356e-02,  8.85376308e-02,  8.05599581e-02,
        2.62946748e-01,  6.83949195e-01,  3.77938637e-01,  8.21378206e-01,
        7.27524181e-01,  4.80022301e-01,  5.84088164e-01,  4.48844620e-01,
        3.91347976e-01,  3.16271093e-01,  7.31679992e-02,  3.72444731e-02,
        2.19773933e-02,  5.31324477e-03,  1.96216724e-03,  4.65768660e-06,
        7.39092116e-05, -4.17097508e-05, -1.15235866e-02, -9.28925389e-03,
       -2.27442757e-01, -1.65184808e-01, -2.45613593e-01, -1.65184808e-01,
       -1.07357298e-02, -8.00306954e-03, -3.36618085e-02, -4.93343919e-02,
        1.16547761e-05,  6.03171350e-07, -1.23193729e-05, -3.53461130e-06,
        1.96216724e-03,  9.84806220e-03,  1.06387970e-01,  3.77938637e-01,
        1.38462865e-01,  1.40846024e+00, -2.21145005e-07, -7.43789321e-04,
       -7.68275815e-05, -2.83081072e-02, -2.22522910e-02, -2.00173412e-03,
       -8.52797013e-02, -1.28124784e-01, -7.75334644e-02, -2.02217804e-01,
       -3.94070196e-01, -1.94326289e-01, -7.38805404e-02, -2.66836233e-02,
       -1.02144015e-11,  1.01348555e-01]), array([ 2.47750473e-07, -4.69931780e-06, -3.08593793e-04, -3.72412628e-03,
       -1.65842208e-02, -8.34930797e-03, -3.43280254e-04,  5.14780107e-04,
       -5.25861874e-10, -2.05238470e-05, -4.80268475e-03, -2.16691589e-02,
       -2.58969597e-02, -4.01450105e-02,  2.38025486e-02,  2.01673966e-03,
        6.88746048e-05, -1.80569319e-07, -1.09633985e-04, -1.59295480e-02,
       -4.85715871e-02, -3.27501039e-02, -3.78046725e-04,  3.60947885e-03,
        8.25812876e-06, -1.97572923e-04, -1.17759269e-02, -7.41911723e-02,
       -2.81509212e-05, -1.72344766e-03, -1.27125163e-03, -8.91152535e-05,
       -1.01614700e-04, -8.55938571e-04, -1.98033247e-03, -6.58557636e-05,
        1.59304797e-04,  1.97648723e-07, -1.59073375e-07, -2.63967629e-04,
       -4.95764985e-04, -4.87606963e-03, -1.56994078e-02,  2.56646464e-04,
        1.54085496e-02,  1.69296436e-02,  8.90180386e-02,  2.96105321e-04,
        1.14328301e-02,  2.39630626e-03,  2.84500731e-05, -4.08422846e-12,
       -3.79655809e-06, -1.38430702e-04, -6.73702047e-05, -3.51426428e-03,
        8.56093168e-06,  1.40566435e-05,  1.95595982e-04,  4.40649598e-04,
        1.47863609e-03,  2.52291901e-02,  6.45262253e-02,  4.81120182e-02,
        1.32049227e-01,  2.48478743e-01,  1.04152330e-01,  7.02491925e-02,
        9.04094300e-03, -3.96508021e-02, -1.20830319e-01, -1.65035678e-01,
       -2.03970565e-01, -1.76400202e-01, -5.41809034e-02, -2.21343904e-02,
       -9.20545098e-03, -3.07998173e-03, -1.51035861e-03, -3.51711230e-06,
       -4.28436918e-05,  1.86901394e-05,  4.74253208e-03,  2.39699907e-03,
        5.86893291e-02, -6.88275540e-03, -7.12770647e-02, -1.13141682e-01,
       -7.58876533e-03, -7.35370048e-03, -3.04383537e-02, -3.48730016e-02,
        9.09037571e-06,  5.54230026e-07, -1.22203252e-05, -3.91953047e-06,
        2.13287579e-03,  8.11312908e-03,  9.46448659e-02,  2.50577096e-01,
        8.87657735e-02,  1.41057293e-01,  1.28193336e-07,  4.74656593e-04,
        2.82487335e-05,  8.54621757e-03,  2.97668897e-03,  1.21451214e-04,
        5.79748466e-03,  2.74417662e-02,  3.24756669e-02,  1.67035950e-02,
       -1.23001130e-01, -1.04691345e-01, -3.65620018e-02, -2.66641443e-02,
       -1.02069450e-11, -3.10248197e-03])]